0.093026 -0.255924 2.65679
0.185194 -0.495114 4.95249
0.262085 -0.738517 7.36964
0.321246 -0.962994 9.6621
0.373792 -1.16032 11.616
0.465013 -1.3466 13.4977
0.495726 -1.50998 15.1548
0.542787 -1.67357 16.813
0.594566 -1.81968 18.3064
0.653875 -1.96487 19.7649
0.71501 -2.12398 21.4153
0.780074 -2.27177 22.8751
0.85234 -2.41156 24.3438
0.918605 -2.54799 25.7076
0.974559 -2.67326 27.0547
1.02617 -2.82378 28.4372
1.07503 -2.95172 29.6683
1.10349 -3.09933 31.0561
1.13673 -3.2262 32.373
1.14946 -3.36187 33.6075
1.18174 -3.46775 34.6701
1.21047 -3.57933 35.7267
1.25024 -3.68482 36.7714
1.31187 -3.78742 37.8191
1.35415 -3.89042 38.868
1.4051 -3.99265 39.8268
1.44703 -4.09098 40.7847
1.53439 -4.19074 41.7036
1.61613 -4.2863 42.5731
1.7029 -4.37637 43.3568
1.78614 -4.46064 44.1131
1.93165 -4.54683 44.8534
2.11863 -4.62829 45.5386
2.32526 -4.714 46.2316
2.56602 -4.80429 46.8835
2.87547 -4.89786 47.503
3.17779 -4.97602 48.1633
3.55095 -5.0619 48.829
4.02046 -5.17039 49.5056
4.54153 -5.25591 50.1843
5.07602 -5.3298 50.7972
5.67876 -5.40452 51.403
6.38527 -5.48769 51.9665
7.05112 -5.5608 52.4516
7.74596 -5.65122 52.936
8.43612 -5.72489 53.3753
9.0844 -5.79018 53.756
9.7108 -5.8302 54.0579
10.3417 -5.87143 54.3163
10.9934 -5.92113 54.5596
11.6025 -5.96353 54.7513
12.2349 -6.00075 54.9013
12.8784 -6.03869 55.0321
13.5693 -6.07602 55.1517
14.2543 -6.10786 55.229
14.9571 -6.14057 55.3078
15.6738 -6.17102 55.3586
16.4227 -6.20481 55.4055
17.1402 -6.23969 55.4496
17.8862 -6.26571 55.4801
18.5858 -6.28281 55.5098
19.3541 -6.29363 55.5118
20.0697 -6.31785 55.5248
20.8049 -6.34476 55.5508
21.5412 -6.37621 55.5849
22.278 -6.40044 55.6015
22.9526 -6.42365 55.6372
23.6111 -6.44437 55.6472
24.3206 -6.47438 55.6825
25.0537 -6.50122 55.7114
25.8397 -6.52863 55.738
26.7271 -6.54908 55.7636
27.6187 -6.57127 55.8173
28.4938 -6.59786 55.8544
29.439 -6.61835 55.8644
30.4193 -6.64259 55.8664
31.2745 -6.65578 55.8974
32.2719 -6.69318 55.9087
33.366 -6.73756 55.9171
34.4008 -6.76691 55.9317
35.5115 -6.79729 55.9229
36.763 -6.83572 55.9349
37.894 -6.87322 55.9326
39.0388 -6.90299 55.9324
40.2697 -6.94686 55.9207
41.577 -6.97218 55.9331
42.7944 -7.00518 55.9511
44.1647 -7.04316 55.953
45.2946 -7.07836 55.9403
46.5224 -7.11856 55.9502
47.859 -7.1577 55.9547
49.0965 -7.19211 55.9195
50.3241 -7.22883 55.9006
51.5674 -7.26738 55.8982
52.6732 -7.29171 55.9169
53.8287 -7.32576 55.9227
55.0369 -7.35224 55.935
56.3122 -7.38641 55.963
57.4914 -7.42032 55.983
58.5971 -7.45473 55.9473
59.747 -7.49157 55.9279
60.9527 -7.51796 55.9192
62.1355 -7.54982 55.9449
63.3112 -7.57891 55.9668
64.5261 -7.59572 55.9719
65.7544 -7.62248 55.9923
67.125 -7.65982 55.9569
68.604 -7.71183 55.9194
69.9384 -7.7475 55.9362
71.2936 -7.79209 55.9404
72.2764 -7.81884 55.9423
73.3804 -7.84818 55.9474
74.4981 -7.88393 55.973
75.7049 -7.91856 55.9401
76.8687 -7.95461 55.9553
77.9717 -7.9892 55.9819
79.1345 -8.00964 55.9696
80.1785 -8.03098 55.9431
81.2286 -8.07236 55.9141
82.3278 -8.09001 55.928
83.4527 -8.11659 55.9541
84.5258 -8.1316 55.9134
85.4359 -8.16243 55.8928
86.3105 -8.18459 55.8403
87.2228 -8.20342 55.8381
88.0703 -8.22757 55.8549
88.9582 -8.26014 55.9062
89.8247 -8.2685 55.8753
90.7064 -8.292 55.8963
91.4243 -8.29905 55.8716
92.1181 -8.30653 55.8616
92.7825 -8.31503 55.8669
93.476 -8.32846 55.8771
94.0987 -8.35426 55.9376
94.6545 -8.37897 56.0142
95.171 -8.39916 56.0949
95.6784 -8.43599 56.1916
96.1323 -8.46509 56.2414
96.5605 -8.48968 56.2982
96.9563 -8.51867 56.4053
97.3267 -8.55512 56.5334
97.6585 -8.596 56.7076
97.9703 -8.64015 56.874
98.2639 -8.6892 57.0576
98.5259 -8.74392 57.2677
98.7687 -8.79409 57.4913
98.9855 -8.84905 57.716
99.1678 -8.89405 57.944
99.3416 -8.93877 58.1829
99.4949 -8.97944 58.4397
99.6262 -9.02292 58.7003
99.7368 -9.07252 58.9626
99.8105 -9.11761 59.2343
99.8781 -9.15875 59.5182
99.9239 -9.19872 59.7868
99.9744 -9.24521 60.0617
99.9723 -9.2814 60.3474
99.9659 -9.32049 60.671
99.9385 -9.35297 60.9985
99.8865 -9.39031 61.2837
99.8157 -9.42032 61.5904
99.7475 -9.43592 61.9182
99.6727 -9.4735 62.2309
99.5645 -9.50159 62.539
99.4301 -9.53195 62.8353
99.2839 -9.56049 63.1205
99.1342 -9.59056 63.4378
98.9745 -9.62445 63.8017
98.7948 -9.65412 64.1705
98.6146 -9.68728 64.5501
98.3947 -9.71422 64.939
98.1597 -9.74691 65.3768
97.9354 -9.77858 65.8025
97.6724 -9.80466 66.2232
97.405 -9.84059 66.6778
97.1395 -9.88314 67.1904
96.8545 -9.9243 67.689
96.5399 -9.96468 68.2484
96.2356 -10.0077 68.8109
95.9465 -10.0714 69.4217
95.6543 -10.133 70.1031
95.3274 -10.1947 70.7685
95.0446 -10.2584 71.4024
94.7033 -10.3197 72.0987
94.3047 -10.3939 72.9356
93.8029 -10.4798 73.9447
93.4122 -10.5387 74.7329
92.9864 -10.6214 75.6401
92.5331 -10.6994 76.5603
92.0943 -10.7771 77.4524
91.6369 -10.8574 78.3303
91.1238 -10.9468 79.3807
90.5353 -11.0535 80.583
90.0265 -11.1514 81.6419
89.5337 -11.2366 82.641
89.017 -11.3283 83.6893
88.5322 -11.4225 84.6817
88.0138 -11.5183 85.7305
87.541 -11.6141 86.6975
87.066 -11.7075 87.6736
86.6124 -11.7854 88.5876
86.135 -11.8675 89.5457
85.6487 -11.9642 90.5378
85.171 -12.0545 91.5602
84.6656 -12.1606 92.6358
84.0937 -12.2545 93.7181
83.5046 -12.3598 94.8724
82.9916 -12.4444 95.8858
82.4998 -12.5267 96.8491
82.0077 -12.6062 97.8177
81.4783 -12.6851 98.7903
80.9757 -12.7846 99.8094
80.4573 -12.8607 100.811
79.948 -12.9534 101.826
79.4008 -13.046 102.922
78.8435 -13.1312 103.977
78.3528 -13.2076 104.909
77.8189 -13.2736 105.924
77.3006 -13.3609 106.926
76.7263 -13.4491 107.989
76.1833 -13.5487 109.054
75.6402 -13.6389 110.115
75.1874 -13.7214 111.022
74.7197 -13.7943 111.948
74.282 -13.8921 112.901
73.7937 -13.9832 113.883
73.2608 -14.0704 114.909
72.7913 -14.1589 115.906
72.3024 -14.2456 116.916
71.8282 -14.3595 117.981
71.3424 -14.4601 119.041
70.9352 -14.5585 120.011
70.5151 -14.6656 121.006
70.0875 -14.764 122.064
69.72 -14.868 123.036
69.355 -14.9679 124.035
68.9893 -15.0827 125.071
68.6696 -15.2002 126.044
68.3615 -15.3328 127.08
68.1021 -15.4626 128.133
67.8969 -15.608 129.22
67.7086 -15.7567 130.312
67.5395 -15.9105 131.397
67.4474 -16.0969 132.617
67.3711 -16.2481 133.668
67.3194 -16.4141 134.747
67.3146 -16.5839 135.831
67.3134 -16.7561 136.896
67.3044 -16.9256 137.986
67.3181 -17.0941 139.05
67.3764 -17.2671 140.077
67.4213 -17.4397 141.065
67.4851 -17.5899 142.001
67.6064 -17.7775 143.056
67.703 -17.9441 143.966
67.8125 -18.1034 144.836
67.9158 -18.2584 145.679
68.0098 -18.4086 146.545
68.0978 -18.5641 147.424
68.1887 -18.7214 148.324
68.3519 -18.8921 149.299
68.4856 -19.0697 150.313
68.6177 -19.2702 151.409
68.6886 -19.4375 152.409
68.8099 -19.6169 153.426
68.9647 -19.7974 154.41
69.0821 -19.9757 155.321
69.2241 -20.1502 156.163
69.3396 -20.3128 156.947
69.4293 -20.4573 157.745
69.4904 -20.5952 158.517
69.5422 -20.7264 159.257
69.5532 -20.854 159.975
69.5866 -20.9879 160.713
69.6234 -21.1218 161.434
69.5937 -21.2346 162.123
69.5614 -21.3359 162.766
69.5092 -21.4346 163.372
69.4795 -21.5443 163.981
69.4076 -21.6321 164.528
69.3177 -21.7161 165.044
69.2291 -21.7983 165.557
69.1137 -21.8646 166.037
68.9371 -21.9183 166.495
68.7524 -21.9602 166.928
68.5906 -22.0106 167.351
68.3936 -22.0484 167.763
68.1865 -22.0746 168.173
67.9775 -22.1035 168.557
67.733 -22.1193 168.927
67.4714 -22.1362 169.292
67.2 -22.1445 169.639
66.923 -22.1566 169.996
66.6347 -22.1539 170.337
66.3353 -22.1575 170.68
65.9843 -22.1408 171.002
65.6162 -22.1228 171.332
65.2039 -22.0951 171.65
64.7629 -22.0549 171.949
64.2883 -22.0124 172.272
63.8147 -21.9667 172.592
63.2819 -21.9152 172.935
62.746 -21.8575 173.255
62.1642 -21.7986 173.592
61.5289 -21.7282 173.927
60.8534 -21.6469 174.254
60.1189 -21.5487 174.534
59.3395 -21.4445 174.828
58.5516 -21.3361 175.107
57.7752 -21.2249 175.352
57.0258 -21.1273 175.637
56.2118 -20.9956 175.878
55.3676 -20.8584 176.093
54.4957 -20.733 176.303
53.6362 -20.5862 176.495
52.7638 -20.4532 176.722
51.9624 -20.3318 176.922
51.175 -20.2163 177.124
50.4465 -20.1148 177.329
49.6126 -19.9863 177.474
48.7531 -19.8482 177.635
47.8929 -19.7234 177.844
47.0033 -19.5844 178.015
46.1497 -19.4494 178.191
45.2253 -19.3075 178.376
44.3471 -19.1802 178.561
43.5604 -19.0569 178.711
42.7835 -18.9406 178.869
42.0558 -18.8254 179.03
41.432 -18.7435 179.205
40.8453 -18.6812 179.379
40.3417 -18.6295 179.522
39.9235 -18.5792 179.66
39.5305 -18.5303 179.766
39.1496 -18.4545 179.851
38.7942 -18.4026 179.916
38.474 -18.3724 180.051
38.1733 -18.3565 180.206
37.8516 -18.285 180.102
37.842 -18.3438 180.386
37.5736 -18.3487 180.543
37.4951 -18.4031 180.837
37.1812 -18.4039 180.919
36.9405 -18.3602 180.756
36.7847 -18.4126 180.984
36.4819 -18.4298 181.019
36.1955 -18.4643 181.142
35.9903 -18.4313 180.977
35.69 -18.456 180.999
35.4104 -18.508 181.128
35.095 -18.5186 181.107
34.8677 -18.5868 181.291
34.5735 -18.6419 181.417
34.352 -18.7187 181.651
34.069 -18.7895 181.816
33.7822 -18.863 181.992
33.5356 -18.9527 182.242
33.2638 -19.0355 182.459
32.9706 -19.1204 182.672
32.651 -19.2025 182.865
32.3168 -19.2884 183.046
32.0025 -19.3815 183.27
31.6803 -19.4789 183.491
31.377 -19.5835 183.765
31.0647 -19.6938 184.054
30.739 -19.8073 184.354
30.4137 -19.9269 184.692
30.1036 -20.0519 185.064
29.7872 -20.1772 185.456
29.4885 -20.3059 185.864
29.211 -20.4366 186.314
